,Valor,Resultados_i,Erro total
0,3.141592653589793,3.33333333333333,0.191740679743540
1,3.141592653589793,3.11728395061728,-0.0243087029725091
2,3.141592653589793,3.14557613168724,0.00398347809744948
3,3.141592653589793,3.14085056176106,-0.000742091828737745
4,3.141592653589793,3.14174119743369,0.000148543843895510
5,3.141592653589793,3.14156158787759,-3.10657122022384e-5
6,3.141592653589793,3.14159934096620,6.68737640507899e-6
7,3.141592653589793,3.14159118436091,-1.46922888699663e-6
8,3.141592653589793,3.14159298133457,3.27744773542804e-7
9,3.141592653589793,3.14159257960635,-7.39834424834385e-8
10,3.141592653589793,3.14159267045069,1.68608922379576e-8
11,3.141592653589793,3.14159264971679,-3.87300547188829e-9
12,3.141592653589793,3.14159265448535,8.95554741475735e-10
13,3.141592653589793,3.14159265338154,-2.08254302691557e-10
14,3.141592653589793,3.14159265363846,4.86641837937896e-11
15,3.141592653589793,3.14159265357837,-1.14210862989239e-11
