,Valor,Resultados_i,Erro total
0,3.141592653589793,3.23809523809524,0.0965025845054450
1,3.141592653589793,3.13544253680308,-0.00615011678671218
2,3.141592653589793,3.14207449815761,0.000481844567818523
3,3.141592653589793,3.14155123586771,-4.14177220866563e-5
4,3.141592653589793,3.14159640711561,3.75352581682975e-6
5,3.141592653589793,3.14159230145587,-3.52133918468667e-7
6,3.141592653589793,3.14159268744396,3.38541643607471e-8
7,3.141592653589793,3.14159265027498,-3.31480842774567e-9
8,3.141592653589793,3.14159265391900,3.29203775351061e-10
9,3.141592653589793,3.14159265355673,-3.30664384762258e-11
