,Valor,Resultados_i,Erro total
0,3.141592653589793,2.66666666666667,-0.474925986923127
1,3.141592653589793,3.05840276592733,-0.0831898876624613
2,3.141592653589793,3.09616152646364,-0.0454311271261520
3,3.141592653589793,3.11035027369869,-0.0312423798911072
4,3.141592653589793,3.11778650175888,-0.0238061518309154
5,3.141592653589793,3.12236366153074,-0.0192289920590536
6,3.141592653589793,3.12546466996541,-0.0161279836243793
7,3.141592653589793,3.12770443433545,-0.0138882192543459
8,3.141592653589793,3.12939798497200,-0.0121946686177909
9,3.141592653589793,3.13072340937785,-0.0108692442119409
