,Valor,Resultados_i,Erro total
0,3.141592653589793,3.00000000000000,-0.141592653589793
1,3.141592653589793,3.12500000000000,-0.0165926535897931
2,3.141592653589793,3.13906250000000,-0.00253015358979303
3,3.141592653589793,3.14115513392857,-0.000437519661221408
4,3.141592653589793,3.14151117234003,-8.14812497629269e-5
5,3.141592653589793,3.14157671577487,-1.59378149260370e-5
6,3.141592653589793,3.14158942531912,-3.22827067122944e-6
7,3.141592653589793,3.14159198235838,-6.71231410009909e-7
8,3.141592653589793,3.14159251115786,-1.42431930250098e-7
9,3.141592653589793,3.14159262287062,-3.07191747594970e-8
10,3.141592653589793,3.14159264687556,-6.71423139309013e-9
11,3.141592653589793,3.14159265210589,-1.48390544296717e-9
12,3.141592653589793,3.14159265325874,-3.31054295088506e-10
13,3.141592653589793,3.14159265351534,-7.44546646558319e-11
14,3.141592653589793,3.14159265357293,-1.68620672980069e-11
